$ANSIBLE_VAULT;1.1;AES256
38306362333566613634333365633465396439383939353636343037326536396333316637663161
3932653966663463376630653532313566656230373766380a666437636266616633613130633831
65373538323163313834343034343535383434666534663133663536316437383433643731323736
3832363232643633350a646130666232613338346432326562646234626238626664333432323162
34386639636535313730646162663131303463353262306536623533336464626461633061373361
30653662313465366464616366626330633435356566656633613639616330656166623438363362
31666538326236333130323239623232356237616333333730333937393166353366303736333262
64363034303765333762333637303266373231303238356431386331616131623431636462633637
37663161333239386337643466633763613561366437333433353339643832656237633532636335
62656132333166386364336136346530333630663336326131376538336633346363346162623538
34366335353864636232393663626161346636346162363832363431396430633535303336333063
34336561313361353466383437326137303265326134366231656234356430613764373332373431
33663639346364353833313464363632363864663333633131313165653265376135313232356332
64613432343739646630393237313166653331633364393135306235653233303535303630666332
38666431333661656133303433303530316232653763656162663135643461326562333135633033
63393832373131666166393638363431666631633166313930626639633863666138633062353461
61646464326332653037363337356562313132396566396437326263616165656165613730386364
32653965613961633533333232373036623235353830626463316634633533346638353762353335
62633739386462316233316132656366663235636566303032636364333739376439383037303265
30313963613166396665313637346366303334326236656236373435663338343265383336646537
33626130336434323463616331353737333532623766333738323261356236643564393138383163
33613330323864386135366339356330626266343964613463623661346536656335326331386366
62376234373436326433623430323063626562306364303834663633633965306237386436613066
66306139306166646365366362336261343966666632646431656630643237653533653730643637
64356231613338356531313464316430313165653365643134653837366130356661646164623934
62356633663833646235363732306162356164636665373261393962333663383133646666373331
35643337393462303536373763343035333839656264643261373063363063323234636230393866
30373134393066346531
